3.431445732712745667e-02
-6.667532958090305328e-03
-5.709374789148569107e-03
3.251540288329124451e-02
-1.930010621435940266e-03
3.038507141172885895e-02
-1.559636928141117096e-02
-4.266003998054657131e-06
2.781782671809196472e-02
-6.343205925077199936e-03
3.417948633432388306e-02
-2.849452016562281642e-07
-1.836724976556070033e-07
-7.181364577263593674e-03
-1.679020561277866364e-02
3.066711686551570892e-02
-2.193904668092727661e-02
-7.530616130679845810e-06
-2.096069511026144028e-03
-2.277387864887714386e-02
3.299664333462715149e-02
-3.885788843035697937e-03
-1.169970165938138962e-02
2.613143250346183777e-02
-9.783762507140636444e-03
-4.035688762087374926e-04
-7.184331770986318588e-04
2.867011353373527527e-02
-1.079437602311372757e-02
3.345011174678802490e-02
