-6.836851866864890326e-07
-7.775536658982673544e-08
3.452475741505622864e-02
3.477881476283073425e-02
3.401981666684150696e-02
3.379725292325019836e-02
-5.638490715997868108e-11
3.484446182847023010e-02
3.409888967871665955e-02
-6.877318355691386387e-06
3.835847601294517517e-02
-1.939038559794425964e-02
-7.825282409612555057e-06
-2.349939478563101147e-07
3.488996252417564392e-02
3.533867746591567993e-02
3.695916384458541870e-02
-2.542748734413180500e-05
-3.583479672670364380e-02
-1.161262641602434087e-08
-5.564128514379262924e-03
-3.567889565601944923e-03
-4.415438976138830185e-03
-1.493446715176105499e-02
-3.778206064453115687e-06
3.915949165821075439e-02
-2.144300937652587891e-02
3.442051634192466736e-02
0.000000000000000000e+00
-6.433813832700252533e-03
