1.951859332621097565e-02
1.077036187052726746e-01
8.387514948844909668e-02
9.331759810447692871e-02
6.747058779001235962e-02
3.883864730596542358e-02
5.572173371911048889e-02
7.191473990678787231e-02
8.150936663150787354e-02
6.767036020755767822e-02
6.072458997368812561e-02
4.505186900496482849e-02
5.635197833180427551e-02
3.459410741925239563e-02
3.868303447961807251e-02
8.020534366369247437e-02
1.579496711492538452e-01
5.190792307257652283e-02
1.117387562990188599e-01
6.188760697841644287e-02
5.640381947159767151e-02
7.278078049421310425e-02
5.901879444718360901e-02
2.939878031611442566e-02
8.155716210603713989e-02
4.335091635584831238e-02
7.148788124322891235e-02
5.916628241539001465e-02
6.722211092710494995e-02
3.802850842475891113e-02
5.775743722915649414e-02
1.255133841186761856e-02
4.703534767031669617e-02
8.301524072885513306e-02
9.108359366655349731e-02
5.565651133656501770e-02
4.923712834715843201e-02
6.755574047565460205e-02
8.331957459449768066e-02
1.058862730860710144e-02
3.846698999404907227e-02
2.616555802524089813e-02
6.258722394704818726e-02
5.820349976420402527e-02
1.768781691789627075e-01
1.011863052845001221e-01
8.271006494760513306e-02
9.305878728628158569e-02
3.547479957342147827e-02
1.580350100994110107e-01
3.449940308928489685e-02
8.633367717266082764e-02
8.000939339399337769e-02
4.274490475654602051e-02
1.913340948522090912e-02
5.479237809777259827e-02
6.803192198276519775e-02
6.586308777332305908e-02
4.674058035016059875e-02
3.838544711470603943e-02
1.041637808084487915e-01
7.465024292469024658e-02
2.439659647643566132e-02
3.259368985891342163e-02
7.215814292430877686e-02
2.720686234533786774e-02
9.111227840185165405e-02
8.678369969129562378e-02
6.355432420969009399e-02
6.463682651519775391e-02
1.106042340397834778e-01
7.720518112182617188e-02
1.192734837532043457e-01
7.134617865085601807e-02
5.922376364469528198e-02
7.873627543449401855e-02
5.032187700271606445e-02
2.516689337790012360e-02
2.892226167023181915e-02
3.927640616893768311e-02
1.252271085977554321e-01
6.196231767535209656e-02
1.316307187080383301e-01
4.560609906911849976e-02
2.823618054389953613e-02
6.556313484907150269e-02
7.707431167364120483e-02
1.372625976800918579e-01
8.464109897613525391e-02
6.931783258914947510e-02
5.320790037512779236e-02
1.424479186534881592e-01
1.123014464974403381e-01
8.196884393692016602e-02
7.086487859487533569e-02
8.135714381933212280e-02
9.047663211822509766e-02
7.320716232061386108e-02
7.857679575681686401e-02
3.332943841814994812e-02
1.026359319686889648e+00
1.061858296394348145e+00
1.056851625442504883e+00
1.038193225860595703e+00
1.048382163047790527e+00
1.036295175552368164e+00
1.053752899169921875e+00
1.041235327720642090e+00
1.024577975273132324e+00
1.062146186828613281e+00
1.033144712448120117e+00
1.026704788208007812e+00
1.036498308181762695e+00
1.025744915008544922e+00
1.020165801048278809e+00
1.030027627944946289e+00
1.068338871002197266e+00
1.051717519760131836e+00
1.066919207572937012e+00
1.023718714714050293e+00
1.051935315132141113e+00
1.047559142112731934e+00
1.036297559738159180e+00
9.964983463287353516e-01
1.058649182319641113e+00
1.033066868782043457e+00
1.070829868316650391e+00
1.058990478515625000e+00
1.010079622268676758e+00
1.005025863647460938e+00
1.036733269691467285e+00
9.953249096870422363e-01
1.037205576896667480e+00
1.080121278762817383e+00
1.046558618545532227e+00
1.052401781082153320e+00
1.021911144256591797e+00
1.045506834983825684e+00
1.045981287956237793e+00
1.000790834426879883e+00
1.025441408157348633e+00
1.016646027565002441e+00
1.043505549430847168e+00
1.010443687438964844e+00
1.078494310379028320e+00
1.053663611412048340e+00
1.071442961692810059e+00
1.039274573326110840e+00
1.033901691436767578e+00
1.083340883255004883e+00
1.019938945770263672e+00
1.074016809463500977e+00
1.062865257263183594e+00
1.046736478805541992e+00
1.037529349327087402e+00
1.030740141868591309e+00
1.035003185272216797e+00
1.027800679206848145e+00
1.043384075164794922e+00
1.018965959548950195e+00
1.080171704292297363e+00
1.065104603767395020e+00
1.016548037528991699e+00
1.026879310607910156e+00
1.059160470962524414e+00
1.043541908264160156e+00
1.015884995460510254e+00
1.090619325637817383e+00
1.054209470748901367e+00
1.060389280319213867e+00
1.044308185577392578e+00
1.045615792274475098e+00
9.980267882347106934e-01
1.061009407043457031e+00
1.031018257141113281e+00
1.007883787155151367e+00
1.030753135681152344e+00
1.026788115501403809e+00
1.014761447906494141e+00
1.042318582534790039e+00
1.097723960876464844e+00
1.019267797470092773e+00
1.063526272773742676e+00
1.035540580749511719e+00
1.032832026481628418e+00
1.040776252746582031e+00
1.054089307785034180e+00
1.060699462890625000e+00
1.037577748298645020e+00
1.050531864166259766e+00
1.040648460388183594e+00
1.082060575485229492e+00
1.042954921722412109e+00
1.029081344604492188e+00
1.044682979583740234e+00
1.074295163154602051e+00
1.049706578254699707e+00
1.047032833099365234e+00
1.020039081573486328e+00
1.027921319007873535e+00
-2.874838374555110931e-02
7.134315092116594315e-03
1.850924268364906311e-02
3.128105308860540390e-03
-2.527462691068649292e-02
-3.858789056539535522e-02
2.724491618573665619e-02
8.329188451170921326e-03
5.977204535156488419e-03
4.415957257151603699e-02
3.337360685691237450e-03
-2.721064025536179543e-03
3.867965564131736755e-02
-9.798019193112850189e-03
-3.899117559194564819e-02
2.221583575010299683e-02
-1.986977458000183105e-02
3.413154184818267822e-02
4.179465025663375854e-02
2.281050197780132294e-02
1.118809636682271957e-02
3.842793032526969910e-02
-1.299544237554073334e-02
-2.478538267314434052e-02
-2.105121500790119171e-02
1.542663387954235077e-02
1.915020286105573177e-03
1.950306072831153870e-02
-1.746581983752548695e-03
-2.536195516586303711e-02
2.693969942629337311e-02
-2.540049515664577484e-02
1.267134095542132854e-03
-7.720106095075607300e-02
4.051053151488304138e-02
1.899399608373641968e-02
-1.831725984811782837e-02
-3.861956670880317688e-02
-2.483340352773666382e-02
3.574346378445625305e-02
1.792996935546398163e-02
2.087062783539295197e-02
1.537273451685905457e-02
1.010700594633817673e-02
-2.916540019214153290e-02
2.648061141371726990e-02
5.739617347717285156e-02
-4.387124441564083099e-03
2.935845963656902313e-02
2.004495821893215179e-02
1.672018319368362427e-02
-6.599070876836776733e-02
-9.109241887927055359e-03
3.517180681228637695e-02
-2.167420089244842529e-02
2.231990732252597809e-02
-1.388595439493656158e-02
1.332785375416278839e-02
-1.540497504174709320e-02
-1.268304698169231415e-02
-1.495596952736377716e-02
-1.353284996002912521e-02
1.178385037928819656e-02
2.903840132057666779e-02
-2.824866585433483124e-02
5.732863396406173706e-02
1.606252975761890411e-02
-7.226043194532394409e-02
-1.934211701154708862e-02
3.031898848712444305e-02
-8.619313128292560577e-03
-2.634066902101039886e-02
1.129336282610893250e-02
3.079901449382305145e-02
1.727391406893730164e-02
-1.314841210842132568e-02
-3.282558917999267578e-02
2.418990992009639740e-02
-8.833969943225383759e-03
2.489743568003177643e-02
3.318156301975250244e-02
2.348875626921653748e-02
1.106011681258678436e-02
-7.453122641891241074e-03
2.586182579398155212e-02
2.137421630322933197e-02
1.524422876536846161e-02
3.668116987682878971e-04
1.784307323396205902e-02
-1.595518738031387329e-02
-1.571016851812601089e-03
3.229652717709541321e-02
9.926243685185909271e-03
2.498344890773296356e-02
3.267316520214080811e-02
1.878980360925197601e-02
1.760181598365306854e-02
-2.480413764715194702e-02
-6.621232256293296814e-03
4.490608349442481995e-02
2.904110588133335114e-02
3.436006233096122742e-02
4.605996608734130859e-02
6.421007961034774780e-02
4.694071412086486816e-02
5.224480479955673218e-02
6.067094951868057251e-02
6.685940176248550415e-02
5.366209521889686584e-02
4.243802651762962341e-02
3.600453957915306091e-02
6.061469390988349915e-02
3.059038333594799042e-02
2.414335310459136963e-02
9.921077638864517212e-03
6.318886578083038330e-02
1.141164004802703857e-01
3.275892511010169983e-02
8.212187886238098145e-02
3.693107888102531433e-02
6.076337024569511414e-02
5.502035468816757202e-02
4.294211789965629578e-02
5.123256146907806396e-02
8.967061340808868408e-02
1.749167963862419128e-02
6.208513304591178894e-02
4.365056380629539490e-02
3.650616109371185303e-02
2.515594474971294403e-02
4.504531994462013245e-02
4.879975691437721252e-03
2.846570685505867004e-02
4.582527652382850647e-02
4.726776480674743652e-02
3.331642225384712219e-02
5.387419462203979492e-02
3.382126986980438232e-02
4.437187314033508301e-02
1.455230265855789185e-02
1.814166642725467682e-02
4.367621615529060364e-02
1.808794774115085602e-02
4.769191518425941467e-02
5.559231340885162354e-02
6.687396019697189331e-02
4.032978415489196777e-02
5.852077156305313110e-02
2.719390392303466797e-02
7.067484408617019653e-02
5.230903625488281250e-02
4.776887968182563782e-02
4.363261163234710693e-02
4.229148849844932556e-02
1.015062071382999420e-02
3.188802301883697510e-02
1.449375972151756287e-02
5.819686129689216614e-02
7.798281963914632797e-03
4.017982259392738342e-02
9.166436642408370972e-02
6.893843412399291992e-02
2.028015442192554474e-02
6.359429098665714264e-03
1.721251569688320160e-02
1.712005212903022766e-02
7.920874655246734619e-02
2.622166275978088379e-02
3.867458552122116089e-02
3.352493792772293091e-02
5.683524906635284424e-02
6.004518643021583557e-02
8.693997561931610107e-02
6.927544623613357544e-02
4.863465577363967896e-02
5.821818113327026367e-02
3.845262899994850159e-02
3.304688632488250732e-02
4.473814368247985840e-02
3.050525858998298645e-02
7.135587185621261597e-02
6.065217405557632446e-02
5.515211075544357300e-02
1.831485144793987274e-02
9.345944039523601532e-03
3.831895440816879272e-02
4.591128602623939514e-02
8.786103874444961548e-02
4.355028271675109863e-02
4.176312685012817383e-02
4.572276026010513306e-02
4.218332096934318542e-02
7.990008592605590820e-02
7.429614663124084473e-02
2.618976309895515442e-02
3.955623134970664978e-02
8.371679484844207764e-02
2.671755664050579071e-02
6.482522189617156982e-02
3.788912668824195862e-02
