3.238710515540928484e-31
-3.663937838688175562e-31
2.312357425689697266e-01
2.393587827682495117e-01
6.837754696607589722e-02
1.374656111001968384e-01
1.324626380375234068e-31
4.201394319534301758e-01
1.437089145183563232e-01
-7.929643326558057549e-32
3.141256272792816162e-01
-3.448244734563702876e-31
3.351474513120959702e-31
3.181457592986388642e-31
3.346195220947265625e-01
1.968376934528350830e-01
3.121255040168762207e-01
3.596242764716411176e-31
-1.400993019342422485e-01
-3.353012059731835254e-31
2.932455445838145452e-31
-3.478418734153830339e-31
-3.477227488178707033e-31
-3.637709503436018190e-31
2.988033288942763535e-31
2.187377959489822388e-01
-3.674880750698850401e-31
2.175441682338714600e-01
3.235605094564926164e-31
-3.441234321354268918e-31
