-1.991405850276350975e-03
-1.624749302209238522e-06
3.274406120181083679e-02
2.931901067495346069e-02
-7.939691422507166862e-04
-2.525257878005504608e-03
-1.692712306976318359e-02
-4.083908163011074066e-03
-8.831410668790340424e-03
-8.860549889504909515e-03
-3.911217208951711655e-03
-1.638425430883216904e-07
-1.220532692968845367e-03
-8.944788947701454163e-03
-1.385212410241365433e-02
3.245477378368377686e-02
-3.012752393260598183e-03
-1.050189952366054058e-03
-4.769467341247946024e-05
-1.205906085669994354e-02
3.054810315370559692e-02
-1.345923737972043455e-05
2.879123762249946594e-02
-2.165842615067958832e-02
-9.717896580696105957e-03
2.953742071986198425e-02
-1.735973730683326721e-02
-3.063863143324851990e-03
-6.960795273514008841e-10
-5.663229152560234070e-03
