3.706948459148406982e-02
7.984077185392379761e-02
1.080989465117454529e-02
3.334100171923637390e-02
5.792126804590225220e-02
6.001405045390129089e-02
7.075681537389755249e-02
-2.103140205144882202e-02
7.061471790075302124e-02
2.123485133051872253e-02
1.928131431341171265e-01
1.740321330726146698e-02
4.826925322413444519e-02
2.176039270125329494e-04
2.123283222317695618e-02
2.927160076797008514e-02
2.306816726922988892e-01
4.056872799992561340e-02
1.676492579281330109e-02
2.725457958877086639e-02
2.604075521230697632e-02
1.144092381000518799e-01
4.731618240475654602e-02
1.888878829777240753e-02
8.733701705932617188e-02
2.033226341009140015e-01
2.371245622634887695e-01
1.201551314443349838e-02
5.479050800204277039e-03
1.004468426108360291e-01
1.035694241523742676e+00
1.075840830802917480e+00
1.018876314163208008e+00
1.034659266471862793e+00
1.057381868362426758e+00
1.054735302925109863e+00
1.068572640419006348e+00
9.192379713058471680e-01
1.003702282905578613e+00
1.019133806228637695e+00
1.049072146415710449e+00
1.023529410362243652e+00
1.044951438903808594e+00
1.004331231117248535e+00
9.740139245986938477e-01
1.014249324798583984e+00
1.011198520660400391e+00
1.039920091629028320e+00
1.015600085258483887e+00
1.000287771224975586e+00
1.018365144729614258e+00
1.114872097969055176e+00
1.008196592330932617e+00
1.009581685066223145e+00
1.083778738975524902e+00
1.024345278739929199e+00
9.871777892112731934e-01
1.027420759201049805e+00
1.034082889556884766e+00
9.721803069114685059e-01
-5.283126607537269592e-02
-8.956162631511688232e-02
2.061808481812477112e-03
5.144120007753372192e-02
-7.353079319000244141e-02
7.251434028148651123e-02
-8.296792209148406982e-02
2.211414044722914696e-03
-1.162938214838504791e-02
3.627204522490501404e-02
1.459875237196683884e-02
-3.818339854478836060e-02
6.124594435095787048e-02
-1.152317505329847336e-02
1.151155401021242142e-02
4.422071576118469238e-02
7.176753133535385132e-03
5.399361997842788696e-02
3.130137547850608826e-02
-1.368552818894386292e-02
1.419452019035816193e-03
1.206592097878456116e-01
1.136865932494401932e-02
2.050586789846420288e-02
-9.691186994314193726e-02
1.239411905407905579e-02
1.303455140441656113e-02
-2.581608854234218597e-02
1.802258752286434174e-02
-2.457856014370918274e-02
2.168057486414909363e-02
2.680913731455802917e-02
1.588054001331329346e-02
1.916409470140933990e-02
2.105876058340072632e-02
2.416539750993251801e-02
2.274151705205440521e-02
-1.902645453810691833e-02
8.037305623292922974e-02
1.609939523041248322e-02
2.101582139730453491e-01
1.511124242097139359e-02
1.681652665138244629e-02
1.176129840314388275e-02
2.580637857317924500e-02
1.568317040801048279e-02
2.630131840705871582e-01
2.375163696706295013e-02
7.858363911509513855e-03
3.531828150153160095e-02
4.152414947748184204e-02
2.191986702382564545e-02
5.042020976543426514e-02
2.981163002550601959e-02
2.385192736983299255e-02
2.109263092279434204e-01
2.639123797416687012e-01
1.629531756043434143e-02
1.940475776791572571e-02
9.783446788787841797e-02
