3.097478114068508148e-02
1.421065181493759155e-01
5.280045419931411743e-02
6.477276235818862915e-02
5.447030067443847656e-02
3.241849364712834358e-03
1.938693970441818237e-02
2.624139003455638885e-02
6.125662848353385925e-02
5.639581382274627686e-02
4.792642220854759216e-02
7.549789734184741974e-03
4.819645360112190247e-02
6.277514249086380005e-02
6.239067390561103821e-02
5.396668985486030579e-02
2.016237378120422363e-01
1.238598525524139404e-01
9.680569171905517578e-02
1.299722194671630859e-01
8.011185377836227417e-02
4.212427139282226562e-02
9.403996169567108154e-02
3.040250539779663086e-01
2.556300722062587738e-02
2.439229562878608704e-02
4.626458510756492615e-02
8.789147436618804932e-02
2.931783795356750488e-01
5.047759041190147400e-02
4.829047247767448425e-02
1.722937226295471191e-01
5.379473417997360229e-02
6.031067669391632080e-02
5.866929516196250916e-02
2.159084528684616089e-01
1.310716420412063599e-01
4.086654260754585266e-02
6.429848819971084595e-02
4.670553840696811676e-03
2.020604163408279419e-02
6.737809628248214722e-02
4.809175059199333191e-02
5.508354306221008301e-02
4.899533092975616455e-02
1.042097210884094238e-01
9.139280766248703003e-02
3.233381807804107666e-01
1.098770052194595337e-01
4.496094584465026855e-02
1.024168372154235840e+00
1.018054604530334473e+00
1.009801506996154785e+00
1.065385460853576660e+00
1.057759404182434082e+00
1.002888679504394531e+00
9.933534860610961914e-01
1.016160130500793457e+00
1.035177707672119141e+00
1.034456253051757812e+00
1.047153115272521973e+00
1.006378054618835449e+00
1.044877529144287109e+00
1.045355200767517090e+00
1.066153883934020996e+00
1.063587427139282227e+00
1.069964885711669922e+00
1.029202580451965332e+00
1.031193256378173828e+00
1.048671603202819824e+00
1.007388234138488770e+00
1.036554217338562012e+00
1.001984357833862305e+00
1.012625813484191895e+00
1.027466416358947754e+00
1.020245552062988281e+00
1.045405864715576172e+00
1.016262412071228027e+00
1.011153459548950195e+00
1.058698773384094238e+00
1.020600318908691406e+00
9.973102211952209473e-01
1.058994174003601074e+00
1.067421317100524902e+00
1.033924460411071777e+00
1.011649966239929199e+00
1.027722477912902832e+00
1.033798694610595703e+00
1.052962064743041992e+00
1.010809183120727539e+00
9.767436981201171875e-01
1.032992482185363770e+00
1.051727056503295898e+00
1.044147610664367676e+00
1.026973724365234375e+00
1.009086608886718750e+00
1.064735412597656250e+00
1.048808455467224121e+00
1.030516028404235840e+00
1.040338635444641113e+00
3.506207093596458435e-02
1.963211223483085632e-02
3.526965854689478874e-03
-6.866542249917984009e-02
6.143175438046455383e-02
-3.529217839241027832e-02
-9.320405311882495880e-03
3.051996789872646332e-02
-2.085716836154460907e-02
2.786090597510337830e-02
6.893391907215118408e-02
3.117075422778725624e-03
-5.975466221570968628e-02
-4.587304592132568359e-02
-6.216851621866226196e-02
5.857022106647491455e-02
1.064706034958362579e-02
1.749621704220771790e-02
-1.849953085184097290e-02
-9.456880390644073486e-03
1.461337227374315262e-02
5.724612995982170105e-02
1.733903214335441589e-02
2.347410656511783600e-03
3.544306010007858276e-02
-4.427423700690269470e-02
4.649864137172698975e-02
3.285120008513331413e-03
-7.379586808383464813e-03
-7.146579027175903320e-02
-1.394906267523765564e-02
1.022038049995899200e-02
-6.288880854845046997e-02
4.927996546030044556e-02
1.008594222366809845e-02
1.878514513373374939e-02
3.141517564654350281e-02
5.553967505693435669e-02
-2.155764773488044739e-02
-2.104040980339050293e-02
-1.311764237470924854e-03
-3.165015019476413727e-03
-4.649724438786506653e-02
3.934573009610176086e-02
-8.808701299130916595e-03
-6.165427155792713165e-03
-2.837897837162017822e-02
5.996429827064275742e-03
2.214691415429115295e-02
5.288589373230934143e-02
1.028725784271955490e-02
5.073957145214080811e-02
2.434839308261871338e-02
3.532114624977111816e-02
1.980273611843585968e-02
6.501246243715286255e-04
1.507964078336954117e-02
3.743008151650428772e-02
2.366329543292522430e-02
2.863494679331779480e-02
1.850966550409793854e-02
-8.058209903538227081e-03
3.079641051590442657e-02
1.256487704813480377e-02
3.163915872573852539e-02
3.114916756749153137e-02
9.028940647840499878e-02
1.169012114405632019e-01
4.006712511181831360e-02
1.461434084922075272e-02
4.312701523303985596e-02
1.957911811769008636e-02
9.360383450984954834e-02
3.321988582611083984e-01
1.774789206683635712e-02
4.613684955984354019e-03
8.573268540203571320e-03
9.905965626239776611e-02
3.060372173786163330e-01
1.896714791655540466e-02
1.572534628212451935e-02
1.641376018524169922e-01
8.193563669919967651e-03
2.648180350661277771e-02
4.308010917156934738e-03
2.079957127571105957e-01
8.765003085136413574e-02
2.014240249991416931e-02
5.571018531918525696e-02
4.653384443372488022e-03
2.108565531671047211e-02
1.628247462213039398e-02
7.251951843500137329e-03
7.724673952907323837e-03
1.345604006201028824e-02
9.768427163362503052e-02
6.903243809938430786e-02
2.899606823921203613e-01
4.399133473634719849e-02
2.079427056014537811e-02
